xk0 = [3; 5];