function xdot = SYS(t, x, u)

A = [-1.01887   0.90506   -0.00215;
      0.82225  -1.07741   -0.17555;
            0         0      -20.2];
        
B = [0  0  20.2]';       

C = [57.2958      0    0;
           0  57.2958  0;];
       
D = [0 0]';  
 
xdot = A*x + B*u;
end

