xk0 = [270; 270]; 