xk0 = [1; 0]; 