xk0 = [80; 0.4]; 