function xdot = SYS(t, x, u)

A = [-1.9311e-02  8.8157e+00  -3.2170e+01  -5.7499e-01;
     -2.5389e-04 -1.0189e+00   0.0000e+00   9.0506e-01;
      0.0000e+00  0.0000e+00   0.0000e+00   1.0000e+00;
      2.9465e-12  8.2225e-01   0.0000e+00  -1.0774e+00];

% u = [elevator]
B = [ 1.7370e-01;
     -2.1499e-03;
      0.0000e+00;
     -1.7555e-01];
   
C = [0 0 180/pi 0;
     0 0 0 180/pi];
 
D = [0; 0];
 
 
 
xdot = A*x + B*u;
end