xk0 = [80; 0.6]; 
K = [0 0];