xk0 = [200; 10]; 